 0.0100    0  147   0 108
 0.0104    1  144   0 111
 0.0107    2  141   0 114
 0.0111    3  138   0 117
 0.0115    4  135   0 120
 0.0119    5  132   0 123
 0.0123    6  129   0 126
 0.0127    7  126   0 129
 0.0132    8  123   0 132
 0.0136    9  120   0 135
 0.0141   10  117   0 138
 0.0146   11  114   0 141
 0.0151   12  111   0 144
 0.0157   13  108   0 147
 0.0162   14  105   0 150
 0.0168   15  102   0 153
 0.0174   16   99   0 156
 0.0180   17   96   0 159
 0.0186   18   93   0 162
 0.0193   19   90   0 165
 0.0200   20   87   0 168
 0.0207   21   84   0 171
 0.0214   22   81   0 174
 0.0221   23   78   0 177
 0.0229   24   75   0 180
 0.0237   25   72   0 183
 0.0245   26   69   0 186
 0.0254   27   66   0 189
 0.0263   28   63   0 192
 0.0272   29   60   0 195
 0.0282   30   57   0 198
 0.0292   31   54   0 201
 0.0302   32   51   0 204
 0.0313   33   48   0 207
 0.0324   34   45   0 210
 0.0335   35   42   0 213
 0.0347   36   39   0 216
 0.0359   37   36   0 219
 0.0372   38   33   0 222
 0.0385   39   30   0 225
 0.0398   40   27   0 228
 0.0412   41   24   0 231
 0.0427   42   21   0 234
 0.0442   43   18   0 237
 0.0457   44   15   0 240
 0.0473   45   12   0 243
 0.0490   46    9   0 246
 0.0507   47    6   0 249
 0.0525   48    0   0 252
 0.0543   49    0   0 255
 0.0562   50    0   5 255
 0.0582   51    0  10 255
 0.0603   52    0  16 255
 0.0624   53    0  21 255
 0.0646   54    0  26 255
 0.0668   55    0  32 255
 0.0692   56    0  37 255
 0.0716   57    0  42 255
 0.0741   58    0  48 255
 0.0767   59    0  53 255
 0.0794   60    0  58 255
 0.0822   61    0  64 255
 0.0851   62    0  69 255
 0.0881   63    0  74 255
 0.0912   64    0  80 255
 0.0944   65    0  85 255
 0.0977   66    0  90 255
 0.1012   67    0  96 255
 0.1047   68    0 101 255
 0.1084   69    0 106 255
 0.1122   70    0 112 255
 0.1161   71    0 117 255
 0.1202   72    0 122 255
 0.1245   73    0 128 255
 0.1288   74    0 133 255
 0.1334   75    0 138 255
 0.1380   76    0 144 255
 0.1429   77    0 149 255
 0.1479   78    0 154 255
 0.1531   79    0 160 255
 0.1585   80    0 165 255
 0.1641   81    0 170 255
 0.1698   82    0 176 255
 0.1758   83    0 181 255
 0.1820   84    0 186 255
 0.1884   85    0 192 255
 0.1950   86    0 197 255
 0.2018   87    0 202 255
 0.2089   88    0 208 255
 0.2163   89    0 213 255
 0.2239   90    0 218 255
 0.2317   91    0 224 255
 0.2399   92    0 229 255
 0.2483   93    0 234 255
 0.2570   94    0 240 255
 0.2661   95    0 245 255
 0.2754   96    0 250 255
 0.2851   97    0 255 255
 0.2951   98    0 255 247
 0.3055   99    0 255 239
 0.3162  100    0 255 231
 0.3273  101    0 255 223
 0.3388  102    0 255 215
 0.3508  103    0 255 207
 0.3631  104    0 255 199
 0.3758  105    0 255 191
 0.3890  106    0 255 183
 0.4027  107    0 255 175
 0.4169  108    0 255 167
 0.4315  109    0 255 159
 0.4467  110    0 255 151
 0.4624  111    0 255 143
 0.4786  112    0 255 135
 0.4955  113    0 255 127
 0.5129  114    0 255 119
 0.5309  115    0 255 111
 0.5495  116    0 255 103
 0.5689  117    0 255  95
 0.5888  118    0 255  87
 0.6095  119    0 255  79
 0.6310  120    0 255  71
 0.6531  121    0 255  63
 0.6761  122    0 255  55
 0.6998  123    0 255  47
 0.7244  124    0 255  39
 0.7499  125    0 255  31
 0.7762  126    0 255  23
 0.8035  127    0 255  15
 0.8318  128    0 255   0
 0.8610  129    8 255   0
 0.8913  130   16 255   0
 0.9226  131   24 255   0
 0.9550  132   32 255   0
 0.9886  133   40 255   0
 1.0233  134   48 255   0
 1.0593  135   56 255   0
 1.0965  136   64 255   0
 1.1350  137   72 255   0
 1.1749  138   80 255   0
 1.2162  139   88 255   0
 1.2589  140   96 255   0
 1.3032  141  104 255   0
 1.3490  142  112 255   0
 1.3964  143  120 255   0
 1.4454  144  128 255   0
 1.4962  145  136 255   0
 1.5488  146  144 255   0
 1.6032  147  152 255   0
 1.6596  148  160 255   0
 1.7179  149  168 255   0
 1.7783  150  176 255   0
 1.8408  151  184 255   0
 1.9055  152  192 255   0
 1.9724  153  200 255   0
 2.0417  154  208 255   0
 2.1135  155  216 255   0
 2.1878  156  224 255   0
 2.2646  157  232 255   0
 2.3442  158  240 255   0
 2.4266  159  248 255   0
 2.5119  160  255 255   0
 2.6002  161  255 251   0
 2.6915  162  255 247   0
 2.7861  163  255 243   0
 2.8840  164  255 239   0
 2.9854  165  255 235   0
 3.0903  166  255 231   0
 3.1989  167  255 227   0
 3.3113  168  255 223   0
 3.4277  169  255 219   0
 3.5481  170  255 215   0
 3.6728  171  255 211   0
 3.8019  172  255 207   0
 3.9355  173  255 203   0
 4.0738  174  255 199   0
 4.2170  175  255 195   0
 4.3652  176  255 191   0
 4.5186  177  255 187   0
 4.6774  178  255 183   0
 4.8417  179  255 179   0
 5.0119  180  255 175   0
 5.1880  181  255 171   0
 5.3703  182  255 167   0
 5.5590  183  255 163   0
 5.7544  184  255 159   0
 5.9566  185  255 155   0
 6.1660  186  255 151   0
 6.3826  187  255 147   0
 6.6069  188  255 143   0
 6.8391  189  255 139   0
 7.0795  190  255 135   0
 7.3282  191  255 131   0
 7.5858  192  255 127   0
 7.8524  193  255 123   0
 8.1283  194  255 119   0
 8.4140  195  255 115   0
 8.7096  196  255 111   0
 9.0157  197  255 107   0
 9.3325  198  255 103   0
 9.6605  199  255  99   0
10.0000  200  255  95   0
10.3514  201  255  91   0
10.7152  202  255  87   0
11.0917  203  255  83   0
11.4815  204  255  79   0
11.8850  205  255  75   0
12.3027  206  255  71   0
12.7350  207  255  67   0
13.1826  208  255  63   0
13.6458  209  255  59   0
14.1254  210  255  55   0
14.6218  211  255  51   0
15.1356  212  255  47   0
15.6675  213  255  43   0
16.2181  214  255  39   0
16.7880  215  255  35   0
17.3780  216  255  31   0
17.9887  217  255  27   0
18.6209  218  255  23   0
19.2752  219  255  19   0
19.9526  220  255  15   0
20.6538  221  255  11   0
21.3796  222  255   7   0
22.1309  223  255   3   0
22.9087  224  255   0   0
23.7137  225  250   0   0
24.5471  226  245   0   0
25.4097  227  240   0   0
26.3027  228  235   0   0
27.2270  229  230   0   0
28.1838  230  225   0   0
29.1743  231  220   0   0
30.1995  232  215   0   0
31.2608  233  210   0   0
32.3594  234  205   0   0
33.4965  235  200   0   0
34.6737  236  195   0   0
35.8922  237  190   0   0
37.1535  238  185   0   0
38.4592  239  180   0   0
39.8107  240  175   0   0
41.2098  241  170   0   0
42.6580  242  165   0   0
44.1570  243  160   0   0
45.7088  244  155   0   0
47.3151  245  150   0   0
48.9779  246  145   0   0
50.6991  247  140   0   0
52.4807  248  135   0   0
54.3250  249  130   0   0
56.2341  250  125   0   0
58.2103  251  120   0   0
60.2560  252  115   0   0
62.3735  253  110   0   0
64.5654  254  105   0   0
66.8344  255  100   0   0
